1448
2293
12
1390
1772
2589
1148
2009
2661
1182
151
714
1208
2652
858
2707
2275
252
343
768
1174
1460
2707
1355
613
735
2999
1238
1225
909
1832
75
588
1340
1666
2527
755
807
969
1543
2477
183
1783
2877
2373
2717
658
103
2887
2588
2752
1430
73
1221
2700
1037
2882
775
1754
648
2620
365
1659
2079
1539
1604
2229
641
1215
1650
1935
1446
1770
1840
2402
1182
1669
2674
1758
2848
3032
3107
1375
903
1036
2214
2187
358
603
573
1772
2191
1579
2430
1861
2038
2704
1400
1960
796
1558
2036
2404
97
189
386
991
1928
2380
718
1847
1857
1590
2066
1958
3106
1951
994
66
801
2126
432
1857
2802
527
2242
870
2221
594
1379
826
2153
163
1044
2028
1336
2987
1144
123
1500
941
2641
2976
1530
900
2273
42
894
1643
405
650
2678
3075
191
1373
2162
1622
121
1165
1038
720
893
1041
403
362
207
515
1917
1785
1937
1963
986
2021
680
2734
2915
522
1504
2731
11
2212
1712
2733
771
707
650
1768
2317
2804
2020
1067
1552
1143
554
737
1299
1003
75
361
2970
1697
3016
2009
2280
809
1216
2970
3069
1741
1109
2786
1311
572
994
1408
322
1248
2695
2788
2454
2516
1964
83
629
2233
2409
861
872
482
1719
1820
958
1188
1967
952
1564
1307
3044
334
173
1762
1297
587
2813
739
164
401
2507
1337
2281
1546
55
2427
1359
1486
927
32867
8350
26107
21308
8903
23685
35401
36996
20817
8485
31746
26009
9002
8048
24150
669
34754
20947
17380
4524
14095
29499
8856
21632
30410
8265
29626
5523
2195
12641
36807
27758
11452
23913
13129
7322
11244
32139
4689
18853
31937
39167
2868
17662
16683
9441
34607
36610
31672
32951
38041
16056
22680
18912
28401
13096
9657
21236
10431
39694
17104
20165
14309
14017
2973
20049
24675
30573
38300
4135
16483
4053
37649
32177
10975
31080
39800
10507
3004
22128
1892
36812
28938
20972
1957
2498
11522
14405
34639
25363
15711
15124
9871
12381
16724
39068
144
13508
8325
23327
17678
28541
19324
15623
6380
7343
33353
11576
27798
13543
956
26599
23721
39784
20710
16861
861
18201
29116
10902
9649
37268
8375
4506
17852
39961
3019
37367
7840
23593
3282
28562
39848
37487
3411
21337
20503
27852
28468
17608
27480
12556
34386
386
17697
17211
37965
18505
7868
17521
24667
17522
21251
16236
6324
34604
13913
7384
9357
4168
4577
23308
15985
20545
18180
13519
32658
4122
39594
10899
14313
21961
8004
38331
40102
23544
33219
5942
1670
10348
4406
5944
2632
25425
10458
30031
35252
33313
9186
35925
22784
33192
32212
24133
37895
31022
3422
2847
34297
18993
18984
24342
10471
2900
36289
30108
3517
23454
10449
14553
23870
35211
32805
18519
25952
9035
39422
15079
27614
38138
15381
31143
18303
12180
1541
4507
19599
19165
1158
1595
3927
9940
1884
23234
7573
29742
14563
14661
21490
6133
6766
26219
23075
6045
32583
37135
19083
26984
4534
35824
35327
11911
621
34566
15491
19745
